MAE: 24.824901929005758
RMSE: 47.82535589870403
R2: 0.756091784676945
